run:
------------------------------------------------
DATASET
Banyaknya Job   : 10
Banyaknya Proses: 5
Banyaknya Mesin : 5

ISI DATASET

TABEL MESIN
1 0 4 3 2 
0 3 4 2 1 
3 4 1 2 0 
1 0 4 2 3 
0 3 2 1 4 
1 2 4 0 3 
3 4 1 2 0 
2 0 1 3 4 
3 1 4 0 2 
4 3 2 1 0 

TABEL WAKTU untuk TIAP MESIN pada JOB-PROSES
21 53 95 55 34 
21 52 16 26 71 
39 98 42 31 12 
77 55 79 66 77 
83 34 64 19 37 
54 43 79 92 62 
69 77 87 87 93 
38 60 41 24 83 
17 49 25 44 98 
77 79 43 75 96 
------------------------------------------------
Individu Elitism
--------------------------------------------------------------------------------------------------------------------------------------------------------------------
| kromosom     : [8, 1, 4, 5, 5, 3, 9, 6, 2, 7, 6, 2, 9, 7, 8, 6, 7, 6, 0, 3, 1, 8, 8, 1, 9, 0, 7, 4, 4, 9, 8, 4, 5, 5, 3, 0, 2, 6, 5, 0, 7, 3, 3, 1, 1, 0, 2, 9, 2, 4]
| total durasi : 728
| fitness      : 0.0013736263736263737
--------------------------------------------------------------------------------------------------------------------------------------------------------------------

Individu Terbaik
--------------------------------------------------------------------------------------------------------------------------------------------------------------------
| kromosom     : [5, 6, 9, 6, 5, 9, 4, 1, 8, 1, 5, 3, 6, 7, 3, 1, 7, 9, 8, 6, 2, 4, 4, 7, 5, 3, 0, 7, 0, 3, 8, 2, 0, 1, 4, 2, 8, 5, 4, 7, 6, 9, 2, 1, 3, 2, 9, 0, 8, 0]
| total durasi : 666
| fitness      : 0.0015015015015015015
--------------------------------------------------------------------------------------------------------------------------------------------------------------------
